110.90 146.03
44.83 211.82
97.13 209.30
69.87 207.73
48.73 158.87
99.25 195.41
50.15 184.07
64.86 220.50
108.96 192.70
88.13 220.30
101.98 137.20
45.99 158.41
74.95 182.40
61.29 173.22
93.91 162.94
59.19 208.28
115.93 145.70
66.32 189.89
97.96 216.69
54.05 137.74
62.62 205.15
84.12 177.03
81.61 181.10
111.97 160.98
119.25 173.58
93.20 183.02
105.30 157.19
114.57 185.62
95.58 189.92
68.19 221.31
100.91 155.55
72.93 150.38
116.68 137.15
86.51 172.15
59.85 155.53
56.46 164.25
65.47 204.84
56.09 205.31
98.38 142.48
64.46 167.56
113.99 173.27
52.10 219.39
84.48 176.72
95.34 155.51
99.88 181.25
63.80 159.63
41.92 176.16
63.07 157.79
77.09 180.87
91.26 153.32
87.44 209.17
53.87 219.30
54.66 173.83
47.32 202.23
115.15 201.19
91.60 221.95
42.11 185.02
110.49 217.96
101.30 215.61
57.94 167.50
100.15 218.22
44.42 145.09
68.37 140.14
103.26 155.49
55.30 204.32
103.96 174.80
67.85 188.95
63.53 205.42
89.49 201.77
82.63 179.34
42.17 179.28
82.18 167.17
65.77 170.38
101.10 138.12
63.12 196.30
47.30 145.01
69.80 180.72
84.89 139.97
57.64 163.09
87.30 197.18
77.29 193.82
74.83 186.80
46.83 188.95
80.93 199.38
108.46 213.82
68.01 159.03
42.30 145.10
63.70 176.42
119.50 138.08
49.72 138.55
91.95 200.34
66.21 205.44
98.02 161.27
41.24 161.29
107.37 207.46
75.16 140.53
114.36 145.99
53.55 174.11
78.67 158.74
105.64 164.21
